+---------+-------------------------------------------+---------------------+
| section | audit_name                                | audited_at          |
+---------+-------------------------------------------+---------------------+
| audit   | 23_old_nektulos_lavastorm_route_reference | 2026-05-24 15:34:08 |
+---------+-------------------------------------------+---------------------+
+------------+-------------------------------------------------------------------------------------------------------------------------------------------------+
| section    | note                                                                                                                                            |
+------------+-------------------------------------------------------------------------------------------------------------------------------------------------+
| audit_note | Read-only: old/classic Nektulos/Lavastorm route evidence. Do not promote a routing migration until port-in/zone-line coordinates are confirmed. |
+------------+-------------------------------------------------------------------------------------------------------------------------------------------------+
+-----------------+-----------------------------------------------------------------------------------------------------------------------------------------+
| section         | note                                                                                                                                    |
+-----------------+-----------------------------------------------------------------------------------------------------------------------------------------+
| old_zone_policy | MSR should route ordinary players to version 0/classic Nektulos and Lavastorm unless a future design explicitly unlocks newer versions. |
+-----------------+-----------------------------------------------------------------------------------------------------------------------------------------+
+-----------------------------+------------+---------+------+--------------+---------------+---------------+-----------+---------------+------------------------------+--------+--------+--------+--------------+---------+---------+------------+---------+---------+------------------------+
| section                     | short_name | version | id   | zoneidnumber | min_expansion | max_expansion | expansion | map_file_name | note                         | safe_x | safe_y | safe_z | safe_heading | canbind | ruleset | underworld | minclip | maxclip | bypass_expansion_check |
+-----------------------------+------------+---------+------+--------------+---------------+---------------+-----------+---------------+------------------------------+--------+--------+--------+--------------+---------+---------+------------+---------+---------+------------------------+
| target_zone_version_summary | lavastorm  |       0 | 6039 |           27 |             0 |             8 |         0 | lavastorm_v0  | Original classic lavastorm   |    154 |  -1833 |    -15 |            0 |       1 |       0 |       -368 |     600 |    1400 |                      0 |
| target_zone_version_summary | lavastorm  |       1 |  202 |           27 |             9 |            99 |         0 | lavastorm_v1  | Dragons of Norrath Lavastorm |    -25 |    182 |    -74 |            0 |       1 |       1 |       -230 |      50 |    2000 |                      0 |
| target_zone_version_summary | nektulos   |       0 |  246 |           25 |            -1 |             9 |         0 | nektulos_v0   | Original classic Nektulos    |   -259 |  -1201 |     -5 |            0 |       0 |       1 |       -189 |     200 |     500 |                      0 |
| target_zone_version_summary | nektulos   |       1 |  439 |           25 |            10 |            99 |        10 | nektulos_v1   | DoDH Nektulos                |    235 |   -911 |     24 |            0 |       0 |       1 |       -189 |      50 |    1500 |                      0 |
+-----------------------------+------------+---------+------+--------------+---------------+---------------+-----------+---------------+------------------------------+--------+--------+--------+--------------+---------+---------+------------+---------+---------+------------------------+
+-----------------------------------+------------+---------+-----+--------------+---------------+---------------+-----------+---------------+------------------------------+--------+--------+--------+
| section                           | short_name | version | id  | zoneidnumber | min_expansion | max_expansion | expansion | map_file_name | note                         | safe_x | safe_y | safe_z |
+-----------------------------------+------------+---------+-----+--------------+---------------+---------------+-----------+---------------+------------------------------+--------+--------+--------+
| candidate_wrong_version_zone_rows | lavastorm  |       1 | 202 |           27 |             9 |            99 |         0 | lavastorm_v1  | Dragons of Norrath Lavastorm |    -25 |    182 |    -74 |
| candidate_wrong_version_zone_rows | nektulos   |       1 | 439 |           25 |            10 |            99 |        10 | nektulos_v1   | DoDH Nektulos                |    235 |   -911 |     24 |
+-----------------------------------+------------+---------+-----+--------------+---------------+---------------+-----------+---------------+------------------------------+--------+--------+--------+
+---------------------------+------------+---------+------+--------------+---------------+---------------+-----------+---------------+----------------------------+--------+--------+--------+
| section                   | short_name | version | id   | zoneidnumber | min_expansion | max_expansion | expansion | map_file_name | note                       | safe_x | safe_y | safe_z |
+---------------------------+------------+---------+------+--------------+---------------+---------------+-----------+---------------+----------------------------+--------+--------+--------+
| classic_version_zero_rows | lavastorm  |       0 | 6039 |           27 |             0 |             8 |         0 | lavastorm_v0  | Original classic lavastorm |    154 |  -1833 |    -15 |
| classic_version_zero_rows | nektulos   |       0 |  246 |           25 |            -1 |             9 |         0 | nektulos_v0   | Original classic Nektulos  |   -259 |  -1201 |     -5 |
+---------------------------+------------+---------+------+--------------+---------------+---------------+-----------+---------------+----------------------------+--------+--------+--------+
+-----------------------------------+------+-----------+---------+--------+----------+---------+--------+---------+----------+----------+----------+----------------+----------------+-----------------+---------------------+---------------+---------------+------------+--------+-------+
| section                           | id   | zone      | version | number | y        | x       | z      | heading | target_y | target_x | target_z | target_heading | target_zone_id | target_instance | client_version_mask | min_expansion | max_expansion | is_virtual | height | width |
+-----------------------------------+------+-----------+---------+--------+----------+---------+--------+---------+----------+----------+----------+----------------+----------------+-----------------+---------------------+---------------+---------------+------------+--------+-------+
| zone_points_from_old_target_zones | 2394 | lavastorm |       0 |      1 | -1045.56 | -943.06 |  16.38 |       0 |      -76 |      858 |        4 |            999 |             44 |               0 |          4294967295 |             0 |             8 |          0 |      0 |     0 |
| zone_points_from_old_target_zones | 2399 | lavastorm |       0 |      2 |        0 |       0 |      0 |       0 |      905 |      483 |       57 |            999 |             27 |               0 |          4294967295 |             0 |             8 |          0 |      0 |     0 |
| zone_points_from_old_target_zones | 2398 | lavastorm |       0 |     25 | -2075.32 | -196.03 | -15.84 |       0 |     3107 |      289 |      -17 |            999 |             25 |               0 |          4294967295 |             0 |             7 |          0 |      0 |     0 |
| zone_points_from_old_target_zones | 2397 | lavastorm |       0 |     31 |        0 |       0 |      0 |       0 |     -443 |     -525 |       70 |            999 |             31 |               0 |          4294967295 |             0 |             8 |          0 |      0 |     0 |
| zone_points_from_old_target_zones | 2393 | lavastorm |       0 |     32 |        0 |       0 |      0 |       0 |     -413 |     -265 |     -112 |            999 |             32 |               0 |          4294967295 |             0 |             8 |          0 |      0 |     0 |
| zone_points_from_old_target_zones | 2395 | lavastorm |       0 |     77 |        0 |       0 |      0 |       0 |      250 |       56 |        3 |            999 |             80 |               0 |          4294967295 |             0 |             8 |          0 |      0 |     0 |
| zone_points_from_old_target_zones | 2396 | lavastorm |       0 |     88 |        0 |       0 |      0 |       0 |      250 |       56 |        3 |            999 |             80 |               0 |          4294967295 |             0 |             8 |          0 |      0 |     0 |
| zone_points_from_old_target_zones | 1588 | lavastorm |       1 |      0 |       75 |     -10 |    -53 |       0 |  2275.93 |   744.19 |       38 |            255 |             25 |               0 |          4294967295 |            10 |            99 |          0 |      0 |     0 |
| zone_points_from_old_target_zones | 4504 | lavastorm |       1 |      0 |       75 |     -10 |    -53 |       0 |     3107 |      289 |      -17 |            999 |             25 |               0 |          4294967295 |             0 |             9 |          0 |      0 |     0 |
| zone_points_from_old_target_zones | 1876 | lavastorm |       1 |     10 |     2760 |    -705 |    -98 |       0 |    -1587 |     -235 |       72 |            478 |            341 |               0 |          4294967295 |             9 |            99 |          0 |      0 |     0 |
| zone_points_from_old_target_zones | 1877 | lavastorm |       1 |     20 |        0 |       0 |      0 |       0 |      250 |       56 |        3 |            130 |             80 |               0 |          4294967295 |             9 |            99 |          0 |      0 |     0 |
| zone_points_from_old_target_zones | 1878 | lavastorm |       1 |     30 |     1285 |     930 |    -78 |       0 |     -443 |     -525 |       70 |            999 |             31 |               0 |          4294967295 |             9 |            99 |          0 |      0 |     0 |
| zone_points_from_old_target_zones | 1879 | lavastorm |       1 |     40 |      540 |   -1785 |    -98 |       0 |      -15 |      856 |        5 |            999 |             44 |               0 |          4294967295 |             9 |            99 |          0 |      0 |     0 |
| zone_points_from_old_target_zones | 1880 | lavastorm |       1 |     50 |     2260 |     110 |     15 |       0 |     -413 |     -265 |     -112 |            999 |             32 |               0 |          4294967295 |             9 |            99 |          0 |      0 |     0 |
| zone_points_from_old_target_zones | 1881 | lavastorm |       1 |     60 |     3865 |     135 |      1 |       0 |    -1157 |    -1874 |     -3.2 |            165 |            337 |               0 |          4294967295 |             9 |            99 |          0 |      0 |     0 |
| zone_points_from_old_target_zones | 1882 | lavastorm |       1 |     88 |     1360 |   -1650 |   -105 |       0 |      250 |       56 |        3 |            999 |             80 |               0 |          4294967295 |             9 |            99 |          0 |      0 |     0 |
| zone_points_from_old_target_zones | 1444 | nektulos  |       0 |      1 |        0 |       0 |      0 |       0 |       53 |      154 |       28 |            256 |             40 |               0 |          4294967295 |            -1 |             9 |          0 |      0 |     0 |
| zone_points_from_old_target_zones | 1445 | nektulos  |       0 |      2 |        0 |       0 |      0 |       0 |     1549 |      627 |      -20 |            290 |             22 |               0 |          4294967295 |             9 |            -1 |          0 |      0 |     0 |
| zone_points_from_old_target_zones | 1446 | nektulos  |       0 |      3 |     3107 |     289 |    -17 |       0 | -2075.32 |  -196.03 |   -15.84 |            999 |             27 |               0 |          4294967295 |            -1 |            10 |          0 |      0 |     0 |
| zone_points_from_old_target_zones | 2302 | nektulos  |       0 |      3 |     3107 |     289 |    -17 |       0 | -2075.32 |  -196.03 |   -15.84 |            999 |             27 |               0 |          4294967295 |            -1 |             8 |          0 |      0 |     0 |
| zone_points_from_old_target_zones | 1447 | nektulos  |       0 |     77 |        0 |       0 |      0 |       0 |     -841 |      132 |     -157 |            257 |            202 |               0 |          4294967295 |            -1 |            -1 |          0 |      0 |     0 |
| zone_points_from_old_target_zones | 1476 | nektulos  |       1 |     10 |     2325 |     740 |     56 |       0 |      118 |      -18 |      -62 |            506 |             27 |               0 |          4294967292 |             9 |            -1 |          0 |      0 |     0 |
| zone_points_from_old_target_zones | 1477 | nektulos  |       1 |     20 |        0 |       0 |      0 |       0 |     -386 |     -133 |      -64 |            145 |            365 |               0 |          4294967295 |            10 |            99 |          0 |      0 |     0 |
| zone_points_from_old_target_zones | 1478 | nektulos  |       1 |     30 |        0 |       0 |      0 |       0 |     1355 |      798 |      -18 |            174 |             22 |               0 |          4294967295 |            -1 |            10 |          0 |      0 |     0 |
| zone_points_from_old_target_zones | 2339 | nektulos  |       1 |     30 |        0 |       0 |      0 |       0 |     1292 |    -2480 |       78 |            203 |            408 |               0 |          4294967232 |            11 |            -1 |          0 |      0 |     0 |
| zone_points_from_old_target_zones | 1479 | nektulos  |       1 |     50 |        0 |       0 |      0 |       0 |       53 |      154 |       28 |            256 |             40 |               0 |          4294967292 |            -1 |            -1 |          0 |      0 |     0 |
| zone_points_from_old_target_zones | 1480 | nektulos  |       1 |     77 |        0 |       0 |      0 |       0 |     -841 |      132 |     -157 |            257 |            202 |               0 |          4294967292 |            -1 |            -1 |          0 |      0 |     0 |
+-----------------------------------+------+-----------+---------+--------+----------+---------+--------+---------+----------+----------+----------+----------------+----------------+-----------------+---------------------+---------------+---------------+------------+--------+-------+
+-----------------------------------+------+-------------+---------+--------+----------+---------+--------+---------+----------+----------+----------+----------------+----------------+-----------------+---------------------+---------------+---------------+------------+--------+-------+
| section                           | id   | zone        | version | number | y        | x       | z      | heading | target_y | target_x | target_z | target_heading | target_zone_id | target_instance | client_version_mask | min_expansion | max_expansion | is_virtual | height | width |
+-----------------------------------+------+-------------+---------+--------+----------+---------+--------+---------+----------+----------+----------+----------------+----------------+-----------------+---------------------+---------------+---------------+------------+--------+-------+
| zone_points_to_old_target_zoneids | 1458 | corathus    |       0 |      1 |   999999 |  999999 | 999999 |     999 |   -697.9 |   1271.2 |     -2.2 |            339 |             25 |               0 |          4294967295 |            -1 |            -1 |          0 |      0 |     0 |
| zone_points_to_old_target_zoneids | 1501 | corathus    |       0 |     30 |        0 |       0 |      0 |       0 |    -1026 |     1187 |      -11 |            442 |             25 |               0 |          4294967295 |            -1 |            -1 |          0 |      0 |     0 |
| zone_points_to_old_target_zoneids |   53 | ecommons    |       0 |      4 |     1553 |     641 |    -18 |       0 | -2679.36 |   -514.8 |   -19.34 |            100 |             25 |               0 |          4294967295 |             0 |             9 |          0 |      0 |     0 |
| zone_points_to_old_target_zoneids | 2398 | lavastorm   |       0 |     25 | -2075.32 | -196.03 | -15.84 |       0 |     3107 |      289 |      -17 |            999 |             25 |               0 |          4294967295 |             0 |             7 |          0 |      0 |     0 |
| zone_points_to_old_target_zoneids | 1588 | lavastorm   |       1 |      0 |       75 |     -10 |    -53 |       0 |  2275.93 |   744.19 |       38 |            255 |             25 |               0 |          4294967295 |            10 |            99 |          0 |      0 |     0 |
| zone_points_to_old_target_zoneids | 4504 | lavastorm   |       1 |      0 |       75 |     -10 |    -53 |       0 |     3107 |      289 |      -17 |            999 |             25 |               0 |          4294967295 |             0 |             9 |          0 |      0 |     0 |
| zone_points_to_old_target_zoneids |  415 | neriaka     |       0 |      3 |       29 |     155 |     30 |       0 |  2299.79 | -1108.24 |     2.19 |            128 |             25 |               0 |          4294967295 |             0 |             9 |          0 |      0 |     0 |
| zone_points_to_old_target_zoneids | 1722 | oldcommons  |       0 |     20 |        0 |       0 |      0 |       0 |    -2192 |     -419 |        2 |              0 |             25 |               0 |          4294967295 |            -1 |            -1 |          0 |      0 |     0 |
| zone_points_to_old_target_zoneids |  468 | poknowledge |       0 |     17 |        0 |       0 |      0 |       0 |      705 |     -349 |       -4 |             40 |             25 |               0 |                   3 |            -1 |            -1 |          0 |      0 |     0 |
| zone_points_to_old_target_zoneids | 1575 | commonlands |       0 |     20 |        0 |       0 |      0 |       0 |    -2192 |     -419 |        2 |              0 |             25 |               1 |          4294967295 |            -1 |            -1 |          0 |      0 |     0 |
| zone_points_to_old_target_zoneids | 1589 | corathus    |       0 |      1 |   999999 |  999999 | 999999 |     999 |  -1053.9 |   1193.9 |     -4.2 |          221.3 |             25 |               1 |          4294967292 |            -1 |            -1 |          0 |      0 |     0 |
| zone_points_to_old_target_zoneids | 1585 | ecommons    |       0 |      4 |     1553 |     641 |    -18 |       0 |  -2225.7 |   -466.5 |      3.6 |            489 |             25 |               1 |          4294967295 |            10 |            99 |          0 |      0 |     0 |
| zone_points_to_old_target_zoneids | 1586 | neriaka     |       0 |      3 |       29 |     155 |     30 |       0 |   1824.4 |   -977.1 |     24.7 |            143 |             25 |               1 |          4294967295 |            10 |            99 |          0 |      0 |     0 |
| zone_points_to_old_target_zoneids | 1587 | poknowledge |       0 |     17 |        0 |       0 |      0 |       0 |   -814.6 |   -833.7 |      9.9 |          218.8 |             25 |               1 |          4294967292 |            -1 |            -1 |          0 |      0 |     0 |
| zone_points_to_old_target_zoneids | 1418 | broodlands  |       0 |     30 |    -1115 |   -1965 |     13 |       0 |     3820 |      105 |      2.5 |            246 |             27 |               0 |          4294967295 |            -1 |            -1 |          0 |      0 |     0 |
| zone_points_to_old_target_zoneids | 1425 | delvea      |       0 |     20 |    -1645 |    -230 |     79 |       0 |     2708 |     -676 |      -99 |            308 |             27 |               0 |          4294967295 |            -1 |            -1 |          0 |      0 |     0 |
| zone_points_to_old_target_zoneids | 2399 | lavastorm   |       0 |      2 |        0 |       0 |      0 |       0 |      905 |      483 |       57 |            999 |             27 |               0 |          4294967295 |             0 |             8 |          0 |      0 |     0 |
| zone_points_to_old_target_zoneids |  889 | najena      |       0 |      1 |      -17 |     868 |    3.8 |       0 |  -1007.6 |  -996.63 |     16.4 |            999 |             27 |               0 |          4294967295 |             9 |            -1 |          0 |      0 |     0 |
| zone_points_to_old_target_zoneids | 4502 | najena      |       0 |      1 |      -17 |     868 |    3.8 |       0 |  -1007.6 |  -996.63 |     16.4 |            999 |             27 |               0 |          4294967295 |            -1 |             8 |          0 |      0 |     0 |
| zone_points_to_old_target_zoneids | 1446 | nektulos    |       0 |      3 |     3107 |     289 |    -17 |       0 | -2075.32 |  -196.03 |   -15.84 |            999 |             27 |               0 |          4294967295 |            -1 |            10 |          0 |      0 |     0 |
| zone_points_to_old_target_zoneids | 2302 | nektulos    |       0 |      3 |     3107 |     289 |    -17 |       0 | -2075.32 |  -196.03 |   -15.84 |            999 |             27 |               0 |          4294967295 |            -1 |             8 |          0 |      0 |     0 |
| zone_points_to_old_target_zoneids | 1476 | nektulos    |       1 |     10 |     2325 |     740 |     56 |       0 |      118 |      -18 |      -62 |            506 |             27 |               0 |          4294967292 |             9 |            -1 |          0 |      0 |     0 |
| zone_points_to_old_target_zoneids |  910 | soldunga    |       0 |      1 |        0 |       0 |      0 |       0 |     1330 |      983 |      -78 |             94 |             27 |               0 |          4294967295 |             9 |            -1 |          0 |      0 |     0 |
| zone_points_to_old_target_zoneids | 2401 | soldunga    |       0 |      1 |        0 |       0 |      0 |       0 |      784 |      228 |      128 |            999 |             27 |               0 |          4294967295 |            -1 |             8 |          0 |      0 |     0 |
| zone_points_to_old_target_zoneids | 1147 | soldungb    |       0 |      1 |     -410 |    -265 |   -108 |       0 |  2367.86 |   186.99 |    13.84 |            128 |             27 |               0 |          4294967295 |             9 |            -1 |          0 |      0 |     0 |
| zone_points_to_old_target_zoneids | 2400 | soldungb    |       0 |      1 |     -410 |    -265 |   -108 |       0 |      911 |      484 |       55 |            106 |             27 |               0 |          4294967295 |            -1 |             8 |          0 |      0 |     0 |
| zone_points_to_old_target_zoneids |  752 | soltemple   |       0 |      1 |        0 |       0 |      0 |       0 |     1158 |    -1808 |  -103.35 |            260 |             27 |               0 |          4294967295 |             9 |            -1 |          0 |      0 |     0 |
| zone_points_to_old_target_zoneids | 4503 | soltemple   |       0 |      1 |        0 |       0 |      0 |       0 |     1344 |      331 |      149 |            999 |             27 |               0 |          4294967295 |            -1 |             8 |          0 |      0 |     0 |
+-----------------------------------+------+-------------+---------+--------+----------+---------+--------+---------+----------+----------+----------+----------------+----------------+-----------------+---------------------+---------------+---------------+------------+--------+-------+
+------------------------------------------------+------+-------------+---------+--------+----------------+-----------------+----------+----------+----------+----------------+---------------+---------------+---------------------+
| section                                        | id   | zone        | version | number | target_zone_id | target_instance | target_y | target_x | target_z | target_heading | min_expansion | max_expansion | client_version_mask |
+------------------------------------------------+------+-------------+---------+--------+----------------+-----------------+----------+----------+----------+----------------+---------------+---------------+---------------------+
| candidate_zone_points_routing_to_new_instances | 1575 | commonlands |       0 |     20 |             25 |               1 |    -2192 |     -419 |        2 |              0 |            -1 |            -1 |          4294967295 |
| candidate_zone_points_routing_to_new_instances | 1589 | corathus    |       0 |      1 |             25 |               1 |  -1053.9 |   1193.9 |     -4.2 |          221.3 |            -1 |            -1 |          4294967292 |
| candidate_zone_points_routing_to_new_instances | 1585 | ecommons    |       0 |      4 |             25 |               1 |  -2225.7 |   -466.5 |      3.6 |            489 |            10 |            99 |          4294967295 |
| candidate_zone_points_routing_to_new_instances | 1588 | lavastorm   |       1 |      0 |             25 |               0 |  2275.93 |   744.19 |       38 |            255 |            10 |            99 |          4294967295 |
| candidate_zone_points_routing_to_new_instances | 1586 | neriaka     |       0 |      3 |             25 |               1 |   1824.4 |   -977.1 |     24.7 |            143 |            10 |            99 |          4294967295 |
| candidate_zone_points_routing_to_new_instances | 1587 | poknowledge |       0 |     17 |             25 |               1 |   -814.6 |   -833.7 |      9.9 |          218.8 |            -1 |            -1 |          4294967292 |
| candidate_zone_points_routing_to_new_instances |  889 | najena      |       0 |      1 |             27 |               0 |  -1007.6 |  -996.63 |     16.4 |            999 |             9 |            -1 |          4294967295 |
| candidate_zone_points_routing_to_new_instances | 1476 | nektulos    |       1 |     10 |             27 |               0 |      118 |      -18 |      -62 |            506 |             9 |            -1 |          4294967292 |
| candidate_zone_points_routing_to_new_instances |  910 | soldunga    |       0 |      1 |             27 |               0 |     1330 |      983 |      -78 |             94 |             9 |            -1 |          4294967295 |
| candidate_zone_points_routing_to_new_instances | 1147 | soldungb    |       0 |      1 |             27 |               0 |  2367.86 |   186.99 |    13.84 |            128 |             9 |            -1 |          4294967295 |
| candidate_zone_points_routing_to_new_instances |  752 | soltemple   |       0 |      1 |             27 |               0 |     1158 |    -1808 |  -103.35 |            260 |             9 |            -1 |          4294967295 |
+------------------------------------------------+------+-------------+---------+--------+----------------+-----------------+----------+----------+----------+----------------+---------------+---------------+---------------------+
+-----------------------------------+-------+--------+-------------+---------+----------------+----------+----------+----------+----------+----------+-------------+---------------+--------+---------+--------+--------------+---------------------+---------------+---------------+
| section                           | id    | doorid | zone        | version | name           | pos_y    | pos_x    | pos_z    | heading  | opentype | dest_zone   | dest_instance | dest_x | dest_y  | dest_z | dest_heading | client_version_mask | min_expansion | max_expansion |
+-----------------------------------+-------+--------+-------------+---------+----------------+----------+----------+----------+----------+----------+-------------+---------------+--------+---------+--------+--------------+---------------------+---------------+---------------+
| doors_from_or_to_old_target_zones | 13016 |     79 | nektulos    |       0 | POKTELE500     |       81 |     1286 |       -9 |      198 |       58 | corathus    |             0 |    1.6 |    -325 |  -47.1 |            2 |          4294967295 |            10 |            99 |
| doors_from_or_to_old_target_zones | 13017 |      1 | corathus    |       1 | POKTELE500     |     -391 |     12.2 |      -49 |        0 |       58 | nektulos    |             0 |   1247 |      82 |     -6 |          396 |                   3 |             4 |            -1 |
| doors_from_or_to_old_target_zones |  2057 |     20 | PoKnowledge |       0 | POKNRKPORT500  | -909.187 |  131.793 | -156.148 |      256 |       58 | nektulos    |             0 |   -349 |     705 |     -4 |           20 |          4294967232 |            10 |            99 |
| doors_from_or_to_old_target_zones | 17151 |    157 | PoKnowledge |       0 | POKNRKPORT500  | -909.187 |  131.793 | -156.148 |      256 |       58 | nektulos    |             0 |   -349 |     705 |     -4 |           20 |          4294967232 |             0 |             9 |
| doors_from_or_to_old_target_zones | 17152 |    112 | corathus    |       0 | POKTELE500     |     -391 |     12.2 |      -49 |        0 |       58 | nektulos    |             1 | 1192.5 | -1066.1 |   -1.5 |        498.6 |          4294967292 |             4 |            -1 |
| doors_from_or_to_old_target_zones | 40308 |      2 | lavastorm   |       0 | SOLPLUG        |     1365 |      331 |      122 |        0 |       58 | NONE        |             0 |      0 |       0 |      0 |            0 |          4294967295 |             0 |             8 |
| doors_from_or_to_old_target_zones | 40310 |      4 | lavastorm   |       0 | SOLPLUG        |      908 |      484 |     15.4 |        0 |       58 | NONE        |             0 |      0 |       0 |      0 |            0 |          4294967295 |             0 |             8 |
| doors_from_or_to_old_target_zones | 33837 |      3 | lavastorm   |       1 | OBJ_FIREPIT00_ |  3637.31 |  518.644 | -16.1246 |      357 |       55 | NONE        |             0 |      0 |       0 |      0 |            0 |          4294967295 |            -1 |            -1 |
| doors_from_or_to_old_target_zones | 33838 |      8 | lavastorm   |       1 | OBJ_GYPWAG00_  |  3637.69 |  582.738 | -12.7769 |      102 |       55 | NONE        |             0 |      0 |       0 |      0 |            0 |          4294967295 |            -1 |            -1 |
| doors_from_or_to_old_target_zones | 33839 |      9 | lavastorm   |       1 | OBJ_GYPWAG01_  |  3698.94 |  530.649 | -6.08909 |      273 |       55 | NONE        |             0 |      0 |       0 |      0 |            0 |          4294967295 |            -1 |            -1 |
| doors_from_or_to_old_target_zones | 33840 |     10 | lavastorm   |       1 | OBJ_GYPWAG01_  |  3646.36 |  461.986 | -3.34029 |      146 |       55 | NONE        |             0 |      0 |       0 |      0 |            0 |          4294967295 |            -1 |            -1 |
| doors_from_or_to_old_target_zones | 33841 |     11 | lavastorm   |       1 | OBJ_FIREPIT00_ |  3073.39 | -321.888 |  35.2058 |       76 |       55 | NONE        |             0 |      0 |       0 |      0 |            0 |          4294967295 |            -1 |            -1 |
| doors_from_or_to_old_target_zones | 33842 |     12 | lavastorm   |       1 | OBJ_GYPWAG01_  |  3083.22 | -266.924 |  45.5089 |      371 |       55 | NONE        |             0 |      0 |       0 |      0 |            0 |          4294967295 |            -1 |            -1 |
| doors_from_or_to_old_target_zones | 33843 |     13 | lavastorm   |       1 | OBJ_GYPWAG01_  |  3023.21 | -292.947 |  45.9013 |      472 |       55 | NONE        |             0 |      0 |       0 |      0 |            0 |          4294967295 |            -1 |            -1 |
| doors_from_or_to_old_target_zones | 33844 |     14 | lavastorm   |       1 | OBJ_GYPWAG01_  |  3687.05 |  482.761 | -5.66378 |      205 |       55 | NONE        |             0 |      0 |       0 |      0 |            0 |          4294967295 |            -1 |            -1 |
| doors_from_or_to_old_target_zones | 33845 |     15 | lavastorm   |       1 | OBJ_GYPWAG01_  |  2287.52 | -47.8964 |  79.0794 |      225 |       55 | NONE        |             0 |      0 |       0 |      0 |            0 |          4294967295 |            -1 |            -1 |
| doors_from_or_to_old_target_zones | 33846 |     16 | lavastorm   |       1 | OBJ_GYPWAG01_  |  2221.79 | -74.2806 |  77.3294 |       95 |       55 | NONE        |             0 |      0 |       0 |      0 |            0 |          4294967295 |            -1 |            -1 |
| doors_from_or_to_old_target_zones | 33847 |     17 | lavastorm   |       1 | OBJ_GYPWAG00_  |  2232.93 | -18.2295 |  71.7126 |      190 |       55 | NONE        |             0 |      0 |       0 |      0 |            0 |          4294967295 |            -1 |            -1 |
| doors_from_or_to_old_target_zones |  1395 |     19 | lavastorm   |       1 | GOBTENT        |  1154.14 |  846.036 |  183.258 |        0 |       55 | NONE        |             0 |      0 |       0 |      0 |            0 |          4294967295 |            -1 |            -1 |
| doors_from_or_to_old_target_zones |  1394 |     20 | lavastorm   |       1 | GOBTENT        |  1250.38 |  845.184 |  179.909 |      256 |       55 | NONE        |             0 |      0 |       0 |      0 |            0 |          4294967295 |            -1 |            -1 |
| doors_from_or_to_old_target_zones |  1393 |     21 | lavastorm   |       1 | GOBTENT        |  1193.16 |  809.383 |  180.855 |      128 |       55 | NONE        |             0 |      0 |       0 |      0 |            0 |          4294967295 |            -1 |            -1 |
| doors_from_or_to_old_target_zones | 12277 |      6 | nektulos    |       0 | MONU1          |  1660.68 |  1282.34 | -1.10991 |  248.268 |       58 | NONE        |             0 |      0 |       0 |      0 |            0 |          4294967295 |            -1 |            -1 |
| doors_from_or_to_old_target_zones | 12276 |      7 | nektulos    |       0 | MONU1          |  2121.57 |  808.209 | -9.10295 |  399.629 |       58 | NONE        |             0 |      0 |       0 |      0 |            0 |          4294967295 |            -1 |            -1 |
| doors_from_or_to_old_target_zones | 12275 |      8 | nektulos    |       0 | MONU1          |   2540.7 |  689.301 |  -40.578 |  378.982 |       58 | NONE        |             0 |      0 |       0 |      0 |            0 |          4294967295 |            -1 |            -1 |
| doors_from_or_to_old_target_zones | 12274 |      9 | nektulos    |       0 | MONU1          |  1965.25 |  1049.33 | -37.1424 |  290.242 |       58 | NONE        |             0 |      0 |       0 |      0 |            0 |          4294967295 |            -1 |            -1 |
| doors_from_or_to_old_target_zones | 12273 |     10 | nektulos    |       0 | MONU6          |  2240.04 |   1228.6 |  14.7319 |      116 |       58 | NONE        |             0 |      0 |       0 |      0 |            0 |          4294967295 |            -1 |            -1 |
| doors_from_or_to_old_target_zones | 12272 |     11 | nektulos    |       0 | CAMPFIRE       |  2232.73 |  1189.35 | -31.4805 |  397.867 |       58 | NONE        |             0 |      0 |       0 |      0 |            0 |          4294967295 |            -1 |            -1 |
| doors_from_or_to_old_target_zones | 12271 |     12 | nektulos    |       0 | ORCTENT        | -517.991 |  800.776 |  -10.636 |  451.142 |       58 | NONE        |             0 |      0 |       0 |      0 |            0 |          4294967295 |            -1 |            -1 |
| doors_from_or_to_old_target_zones | 12270 |     13 | nektulos    |       0 | ORCTENT        |  -494.24 |  705.553 |   -8.748 |  82.0426 |       58 | NONE        |             0 |      0 |       0 |      0 |            0 |          4294967295 |            -1 |            -1 |
| doors_from_or_to_old_target_zones | 12269 |     14 | nektulos    |       0 | ORCFLAG2       | -461.274 |  810.244 | -9.13873 | 0.395359 |       58 | NONE        |             0 |      0 |       0 |      0 |            0 |          4294967295 |            -1 |            -1 |
| doors_from_or_to_old_target_zones | 12268 |     15 | nektulos    |       0 | ORCTENT        | -186.524 | -580.849 |   -8.998 |   114.29 |       58 | NONE        |             0 |      0 |       0 |      0 |            0 |          4294967295 |            -1 |            -1 |
| doors_from_or_to_old_target_zones | 12267 |     16 | nektulos    |       0 | ORCTENT        |  -115.06 | -521.394 | -8.43915 |  197.528 |       58 | NONE        |             0 |      0 |       0 |      0 |            0 |          4294967295 |            -1 |            -1 |
| doors_from_or_to_old_target_zones | 12266 |     17 | nektulos    |       0 | ORCTENT        |  -66.582 | -449.364 | -8.26342 |   245.67 |       58 | NONE        |             0 |      0 |       0 |      0 |            0 |          4294967295 |            -1 |            -1 |
| doors_from_or_to_old_target_zones | 12265 |     18 | nektulos    |       0 | ORCFLAG2       | -143.138 | -535.094 | -8.71255 |  190.436 |       58 | NONE        |             0 |      0 |       0 |      0 |            0 |          4294967295 |            -1 |            -1 |
| doors_from_or_to_old_target_zones | 12264 |     19 | nektulos    |       0 | ORCFLAG2       | -78.8839 |  -410.07 |   -8.748 |  247.794 |       58 | NONE        |             0 |      0 |       0 |      0 |            0 |          4294967295 |            -1 |            -1 |
| doors_from_or_to_old_target_zones | 12263 |     20 | nektulos    |       0 | ORCFLAG2       | -221.182 | -557.259 |   -8.748 |  103.932 |       58 | NONE        |             0 |      0 |       0 |      0 |            0 |          4294967295 |            -1 |            -1 |
| doors_from_or_to_old_target_zones | 12262 |     21 | nektulos    |       0 | CAMPFIRE       | -174.635 | -465.227 |   -8.748 |  185.191 |       58 | NONE        |             0 |      0 |       0 |      0 |            0 |          4294967295 |            -1 |            -1 |
| doors_from_or_to_old_target_zones | 12278 |     22 | nektulos    |       0 | DEDPINE        | -1067.39 |  446.659 |   -8.748 |  240.011 |       58 | NONE        |             0 |      0 |       0 |      0 |            0 |          4294967295 |            -1 |            -1 |
| doors_from_or_to_old_target_zones | 12279 |     23 | nektulos    |       0 | DEDPINE1       | -1057.67 |  519.105 | -8.43662 |  222.287 |       58 | NONE        |             0 |      0 |       0 |      0 |            0 |          4294967295 |            -1 |            -1 |
| doors_from_or_to_old_target_zones | 12280 |     24 | nektulos    |       0 | MONU6          | -1061.95 |  484.404 | -8.66522 |  246.286 |       58 | NONE        |             0 |      0 |       0 |      0 |            0 |          4294967295 |            -1 |            -1 |
| doors_from_or_to_old_target_zones | 12281 |     25 | nektulos    |       0 | DEDPINE1       |    -1122 |  425.835 | -8.63128 |  416.524 |       58 | NONE        |             0 |      0 |       0 |      0 |            0 |          4294967295 |            -1 |            -1 |
| doors_from_or_to_old_target_zones | 12282 |     26 | nektulos    |       0 | CAMPFIRE       | -468.191 |  758.839 |   -8.748 |   11.134 |       58 | NONE        |             0 |      0 |       0 |      0 |            0 |          4294967295 |            -1 |            -1 |
| doors_from_or_to_old_target_zones | 15976 |     81 | nektulos    |       1 | OBJ_ZONEBOX00  | -1943.36 |  1216.77 |  23.9398 |      218 |       57 | NONE        |             0 |      0 |       0 |      0 |            0 |          4294967295 |            -1 |            -1 |
| doors_from_or_to_old_target_zones | 12283 |     78 | nektulos    |       0 | POKTELE500     |  742.973 | -342.478 | -8.34902 |   267.81 |       58 | poknowledge |             0 |    132 |    -841 |   -157 |            2 |          4294967295 |             4 |            -1 |
| doors_from_or_to_old_target_zones | 15975 |     80 | nektulos    |       1 | OBJ_POK_BOOK_  | -797.229 |  -856.08 |  5.03352 |       50 |       58 | poknowledge |             0 |    132 |    -841 |   -157 |          257 |          4294967295 |            -1 |            -1 |
| doors_from_or_to_old_target_zones | 40309 |      3 | lavastorm   |       0 | SOLPLUG        |     1370 |      331 |    145.1 |        0 |       58 | soltemple   |             0 |     56 |     250 |      3 |            0 |          4294967295 |             0 |             8 |
+-----------------------------------+-------+--------+-------------+---------+----------------+----------+----------+----------+----------+----------+-------------+---------------+--------+---------+--------+--------------+---------------------+---------------+---------------+
+------------------------------------------+-------+--------+-------------+---------+---------------+-----------+---------------+--------+---------+--------+--------------+---------------------+---------------+---------------+
| section                                  | id    | doorid | zone        | version | name          | dest_zone | dest_instance | dest_x | dest_y  | dest_z | dest_heading | client_version_mask | min_expansion | max_expansion |
+------------------------------------------+-------+--------+-------------+---------+---------------+-----------+---------------+--------+---------+--------+--------------+---------------------+---------------+---------------+
| candidate_doors_routing_to_new_instances |  2057 |     20 | PoKnowledge |       0 | POKNRKPORT500 | nektulos  |             0 |   -349 |     705 |     -4 |           20 |          4294967232 |            10 |            99 |
| candidate_doors_routing_to_new_instances | 17152 |    112 | corathus    |       0 | POKTELE500    | nektulos  |             1 | 1192.5 | -1066.1 |   -1.5 |        498.6 |          4294967292 |             4 |            -1 |
+------------------------------------------+-------+--------+-------------+---------+---------------+-----------+---------------+--------+---------+--------+--------------+---------------------+---------------+---------------+
+--------------------------+-------+--------+-------------+---------+---------------+----------+---------+----------+---------+----------+-----------+---------------+--------+--------+--------+--------------+---------------------+---------------+---------------+
| section                  | id    | doorid | zone        | version | name          | pos_y    | pos_x   | pos_z    | heading | opentype | dest_zone | dest_instance | dest_x | dest_y | dest_z | dest_heading | client_version_mask | min_expansion | max_expansion |
+--------------------------+-------+--------+-------------+---------+---------------+----------+---------+----------+---------+----------+-----------+---------------+--------+--------+--------+--------------+---------------------+---------------+---------------+
| poknowledge_target_doors |  2057 |     20 | PoKnowledge |       0 | POKNRKPORT500 | -909.187 | 131.793 | -156.148 |     256 |       58 | nektulos  |             0 |   -349 |    705 |     -4 |           20 |          4294967232 |            10 |            99 |
| poknowledge_target_doors | 17151 |    157 | PoKnowledge |       0 | POKNRKPORT500 | -909.187 | 131.793 | -156.148 |     256 |       58 | nektulos  |             0 |   -349 |    705 |     -4 |           20 |          4294967232 |             0 |             9 |
+--------------------------+-------+--------+-------------+---------+---------------+----------+---------+----------+---------+----------+-----------+---------------+--------+--------+--------+--------------+---------------------+---------------+---------------+
+---------------------------+-------+----------------------------+---------------+------------+-----------+-----------+-----------+-----------+--------------------+--------------------+--------------------+--------------------+-------+------+------+------+-------------+--------------+
| section                   | id    | name                       | teleport_zone | targettype | effectid1 | effectid2 | effectid3 | effectid4 | effect_base_value1 | effect_base_value2 | effect_base_value3 | effect_base_value4 | max1  | max2 | max3 | max4 | druid_level | wizard_level |
+---------------------------+-------+----------------------------+---------------+------------+-----------+-----------+-----------+-----------+--------------------+--------------------+--------------------+--------------------+-------+------+------+------+-------------+--------------+
| teleport_spell_candidates |    70 | Lava Bolt                  |               |          1 |         0 |       254 |       254 |       254 |               -700 |                  0 |                  0 |                  0 |   817 |    0 |    0 |    0 |         255 |           47 |
| teleport_spell_candidates |   121 | Rain of Lava               |               |          8 |         0 |       254 |       254 |       254 |               -172 |                  0 |                  0 |                  0 |     0 |    0 |    0 |    0 |         255 |           35 |
| teleport_spell_candidates |   412 | Shield of Lava             |               |          5 |        59 |        46 |       254 |       254 |                -25 |                 25 |                  0 |                  0 |     0 |    0 |    0 |    0 |         255 |           45 |
| teleport_spell_candidates |   469 | Lava Storm                 |               |          8 |         0 |       254 |       254 |       254 |               -401 |                  0 |                  0 |                  0 |   401 |    0 |    0 |    0 |         255 |          255 |
| teleport_spell_candidates |   859 | Lava Breath - Test         |               |          8 |         0 |       254 |       254 |       254 |                -10 |                  0 |                  0 |                  0 |     0 |    0 |    0 |    0 |         255 |          255 |
| teleport_spell_candidates |   861 | Lava Breath                |               |          4 |         0 |        27 |       254 |       254 |               -500 |                  9 |                  0 |                  0 |     0 |    0 |    0 |    0 |         255 |          255 |
| teleport_spell_candidates |  1488 | Rain of Molten Lava        |               |          4 |        10 |         0 |       254 |       254 |                  0 |               -300 |                  0 |                  0 |     0 |    0 |    0 |    0 |         255 |          255 |
| teleport_spell_candidates |  1818 | Summon Lava Diamond        |               |          6 |        32 |       254 |       254 |       254 |              10198 |                  0 |                  0 |                  0 |     0 |    0 |    0 |    0 |         255 |          255 |
| teleport_spell_candidates |  1941 | Lava Breath                |               |          8 |         0 |        27 |       254 |       254 |               -250 |                  9 |                  0 |                  0 |     0 |    0 |    0 |    0 |         255 |          255 |
| teleport_spell_candidates |  1943 | Lava Breath                |               |          8 |         0 |        27 |       254 |       254 |               -650 |                  9 |                  0 |                  0 |     0 |    0 |    0 |    0 |         255 |          255 |
| teleport_spell_candidates |  3004 | Fist of Lava               |               |          5 |         0 |        21 |       254 |       254 |               -150 |               3000 |                  0 |                  0 |     0 |    0 |    0 |    0 |         255 |          255 |
| teleport_spell_candidates |  3005 | Ball of Lava               |               |          1 |         0 |       254 |       254 |       254 |               -250 |                  0 |                  0 |                  0 |     0 |    0 |    0 |    0 |         255 |          255 |
| teleport_spell_candidates |  5762 | Lava Breath                |               |          8 |         0 |        27 |        27 |       254 |              -2500 |                  9 |                  9 |                  0 |     0 |    0 |    0 |    0 |         255 |          255 |
| teleport_spell_candidates |  6540 | Form of Lava               |               |          6 |       323 |       254 |       254 |       254 |               6541 |                  0 |                  0 |                  0 |     0 |    0 |    0 |    0 |         255 |          255 |
| teleport_spell_candidates |  6541 | Lava Splash                |               |          5 |         0 |       254 |       254 |       254 |              -3000 |                  0 |                  0 |                  0 |     0 |    0 |    0 |    0 |         255 |          255 |
| teleport_spell_candidates |  6615 | Lava Breath                |               |         42 |         0 |       254 |       254 |       254 |               -120 |                  0 |                  0 |                  0 |     0 |    0 |    0 |    0 |         255 |          255 |
| teleport_spell_candidates |  6738 | Summon: Lava Orb           |               |          6 |        32 |       254 |       254 |       254 |              77681 |                  0 |                  0 |                  0 |     0 |    0 |    0 |    0 |         255 |           61 |
| teleport_spell_candidates |  6744 | Lava Jet                   |               |          5 |         0 |       254 |       254 |       254 |               -510 |                  0 |                  0 |                  0 |   700 |    0 |    0 |    0 |         255 |          255 |
| teleport_spell_candidates |  6783 | Vortex of Lava             |               |          5 |        57 |        64 |        79 |       254 |                  1 |               7500 |               -150 |                  0 |     0 |    0 |    0 |    0 |         255 |          255 |
| teleport_spell_candidates |  8583 | Aura of Lava               |               |          6 |        59 |        46 |       254 |       254 |                -20 |                 25 |                  0 |                  0 |     0 |    0 |    0 |    0 |         255 |          255 |
| teleport_spell_candidates |  8767 | Ashenback's Heart of Lava  |               |          4 |        79 |         0 |        21 |       254 |              -1000 |               -600 |                500 |                  0 |     0 |    0 |    0 |    0 |         255 |          255 |
| teleport_spell_candidates |  9043 | Fabled Lava Breath         |               |          4 |         0 |        27 |       254 |       254 |              -3500 |                  9 |                  0 |                  0 |     0 |    0 |    0 |    0 |         255 |          255 |
| teleport_spell_candidates |  9068 | Fabled Lava Breath         |               |          4 |         0 |        27 |       254 |       254 |              -5000 |                  9 |                  0 |                  0 |     0 |    0 |    0 |    0 |         255 |          255 |
| teleport_spell_candidates |  9076 | Fabled Rain of Molten Lava |               |          4 |        10 |         0 |       254 |       254 |                  0 |              -3000 |                  0 |                  0 |     0 |    0 |    0 |    0 |         255 |          255 |
| teleport_spell_candidates |  9225 | Blood of the Lava Spider   |               |          4 |         0 |       254 |       254 |       254 |              -7000 |                  0 |                  0 |                  0 |     0 |    0 |    0 |    0 |         255 |          255 |
| teleport_spell_candidates | 13451 | Fabled Fist of Lava        |               |          5 |         0 |        21 |       254 |       254 |               -300 |               3000 |                  0 |                  0 |     0 |    0 |    0 |    0 |         255 |          255 |
| teleport_spell_candidates | 13462 | Fabled Lava Breath         |               |          4 |         0 |        27 |       254 |       254 |              -1000 |                  9 |                  0 |                  0 |     0 |    0 |    0 |    0 |         255 |          255 |
| teleport_spell_candidates | 14715 | Circle of Lavaskin         |               |         41 |        59 |        46 |       254 |       254 |                -86 |                 45 |                  0 |                  0 |     0 |    0 |    0 |    0 |         255 |           79 |
| teleport_spell_candidates | 14716 | Circle of Lavaskin Rk. II  |               |         41 |        59 |        46 |       254 |       254 |                -98 |                 45 |                  0 |                  0 |     0 |    0 |    0 |    0 |         255 |           79 |
| teleport_spell_candidates | 14717 | Circle of Lavaskin Rk. III |               |         41 |        59 |        46 |       254 |       254 |               -105 |                 45 |                  0 |                  0 |     0 |    0 |    0 |    0 |         255 |           79 |
| teleport_spell_candidates | 16853 | Nimbus of Lava             |               |          6 |        10 |       254 |       254 |       254 |                  0 |                  0 |                  0 |                  0 |     0 |    0 |    0 |    0 |         255 |          255 |
| teleport_spell_candidates | 16890 | Lava Spit                  |               |         42 |         0 |       254 |       254 |       254 |             -30885 |                  0 |                  0 |                  0 | 30885 |    0 |    0 |    0 |         255 |          255 |
| teleport_spell_candidates | 17485 | Living Lava                |               |          5 |         0 |        21 |       254 |       254 |             -15000 |               2000 |                  0 |                  0 |     0 |    0 |    0 |    0 |         255 |          255 |
| teleport_spell_candidates | 17494 | Lava Wave                  |               |         42 |         0 |       254 |       254 |       254 |              -7500 |                  0 |                  0 |                  0 |  7500 |    0 |    0 |    0 |         255 |          255 |
| teleport_spell_candidates | 17889 | Lava Splash                |               |          4 |         0 |       254 |       254 |       254 |              -4000 |                  0 |                  0 |                  0 |     0 |    0 |    0 |    0 |         255 |          255 |
| teleport_spell_candidates | 17900 | Lava Coat                  |               |          6 |        59 |       254 |       254 |       254 |               -500 |                  0 |                  0 |                  0 |     0 |    0 |    0 |    0 |         255 |          255 |
| teleport_spell_candidates | 17901 | Lava Ball                  |               |          8 |         0 |       254 |       254 |       254 |             -35000 |                  0 |                  0 |                  0 |     0 |    0 |    0 |    0 |         255 |          255 |
| teleport_spell_candidates | 21721 | Lava Jet                   |               |          4 |         0 |       254 |       254 |       254 |             -10000 |                  0 |                  0 |                  0 | 10000 |    0 |    0 |    0 |         255 |          255 |
| teleport_spell_candidates | 23008 | Lava Splash                |               |          4 |         0 |       254 |       254 |       254 |             -35000 |                  0 |                  0 |                  0 |     0 |    0 |    0 |    0 |         255 |          255 |
| teleport_spell_candidates | 23057 | Lava Elemental Protection  |               |          6 |        10 |        10 |        59 |       254 |                  0 |                  0 |               -100 |                  0 |     0 |    0 |    0 |    0 |         255 |          255 |
| teleport_spell_candidates | 23058 | Lava Elemental Protection  |               |          6 |        10 |        10 |        59 |       254 |                  0 |                  0 |               -200 |                  0 |     0 |    0 |    0 |    0 |         255 |          255 |
| teleport_spell_candidates | 23059 | Lava Elemental Protection  |               |          6 |        10 |        10 |        59 |       254 |                  0 |                  0 |               -300 |                  0 |     0 |    0 |    0 |    0 |         255 |          255 |
| teleport_spell_candidates | 23060 | Lava Elemental Protection  |               |          6 |        10 |        10 |        59 |       254 |                  0 |                  0 |               -400 |                  0 |     0 |    0 |    0 |    0 |         255 |          255 |
| teleport_spell_candidates | 23061 | Lava Elemental Protection  |               |          6 |        10 |        10 |        59 |       254 |                  0 |                  0 |               -500 |                  0 |     0 |    0 |    0 |    0 |         255 |          255 |
| teleport_spell_candidates | 23062 | Lava Elemental Protection  |               |          6 |        10 |        10 |        59 |       254 |                  0 |                  0 |               -600 |                  0 |     0 |    0 |    0 |    0 |         255 |          255 |
| teleport_spell_candidates | 23063 | Lava Elemental Protection  |               |          6 |        10 |        10 |        59 |       254 |                  0 |                  0 |               -700 |                  0 |     0 |    0 |    0 |    0 |         255 |          255 |
| teleport_spell_candidates | 23064 | Lava Elemental Protection  |               |          6 |        10 |        10 |        59 |       254 |                  0 |                  0 |               -800 |                  0 |     0 |    0 |    0 |    0 |         255 |          255 |
| teleport_spell_candidates | 23065 | Lava Elemental Protection  |               |          6 |        10 |        10 |        59 |       254 |                  0 |                  0 |               -900 |                  0 |     0 |    0 |    0 |    0 |         255 |          255 |
| teleport_spell_candidates | 23066 | Lava Elemental Protection  |               |          6 |        10 |        10 |        59 |       254 |                  0 |                  0 |              -1000 |                  0 |     0 |    0 |    0 |    0 |         255 |          255 |
| teleport_spell_candidates | 23074 | Cooling Lava               |               |          5 |         0 |         3 |       254 |       254 |             -10000 |                -50 |                  0 |                  0 |     0 |    0 |    0 |    0 |         255 |          255 |
| teleport_spell_candidates | 23499 | Lava Hurricane             |               |          5 |         0 |       254 |       254 |       254 |               -603 |                  0 |                  0 |                  0 |   710 |    0 |    0 |    0 |         255 |          255 |
| teleport_spell_candidates | 26769 | Splash of Lava             |               |         45 |         0 |       254 |       254 |       254 |              -2730 |                  0 |                  0 |                  0 |  2829 |    0 |    0 |    0 |         255 |           87 |
| teleport_spell_candidates | 26770 | Splash of Lava Rk. II      |               |         45 |         0 |       254 |       254 |       254 |              -3103 |                  0 |                  0 |                  0 |  3215 |    0 |    0 |    0 |         255 |           87 |
| teleport_spell_candidates | 26771 | Splash of Lava Rk. III     |               |         45 |         0 |       254 |       254 |       254 |              -3228 |                  0 |                  0 |                  0 |  3345 |    0 |    0 |    0 |         255 |           87 |
| teleport_spell_candidates | 33080 | Lava Breath                |               |          4 |         0 |        27 |       254 |       254 |             -48000 |                  9 |                  0 |                  0 |     0 |    0 |    0 |    0 |         255 |          255 |
| teleport_spell_candidates | 33200 | Shock of Lava              |               |          4 |         0 |        27 |       254 |       254 |             -38000 |                  9 |                  0 |                  0 |     0 |    0 |    0 |    0 |         255 |          255 |
| teleport_spell_candidates | 33631 | Lava Burns                 |               |          5 |         0 |       254 |       254 |       254 |              -7692 |                  0 |                  0 |                  0 |     0 |    0 |    0 |    0 |         255 |          255 |
| teleport_spell_candidates | 33672 | Lava Blast                 |               |          8 |         0 |       254 |       254 |       254 |             -46000 |                  0 |                  0 |                  0 |     0 |    0 |    0 |    0 |         255 |          255 |
| teleport_spell_candidates | 33692 | Lava Blast                 |               |          8 |         0 |       254 |       254 |       254 |             -61000 |                  0 |                  0 |                  0 |     0 |    0 |    0 |    0 |         255 |          255 |
| teleport_spell_candidates | 33725 | Lava                       |               |          5 |         0 |       254 |       254 |       254 |             -31000 |                  0 |                  0 |                  0 |     0 |    0 |    0 |    0 |         255 |          255 |
| teleport_spell_candidates | 33784 | Lava Breath                |               |          4 |         0 |        27 |       254 |       254 |             -48000 |                  9 |                  0 |                  0 |     0 |    0 |    0 |    0 |         255 |          255 |
| teleport_spell_candidates | 33975 | Lava                       |               |          5 |         0 |       254 |       254 |       254 |             -26000 |                  0 |                  0 |                  0 |     0 |    0 |    0 |    0 |         255 |          255 |
| teleport_spell_candidates | 37506 | Lava Breath                |               |          4 |         0 |        27 |       254 |       254 |             -35000 |                  9 |                  0 |                  0 |     0 |    0 |    0 |    0 |         255 |          255 |
| teleport_spell_candidates | 37909 | Lava Flow                  |               |          6 |        59 |       158 |       254 |       254 |               -200 |              -1500 |                  0 |                  0 |     0 |    0 |    0 |    0 |         255 |          255 |
| teleport_spell_candidates | 37957 | Lava Breath                |               |         42 |         0 |        27 |       254 |       254 |               -500 |                  9 |                  0 |                  0 |     0 |    0 |    0 |    0 |         255 |          255 |
| teleport_spell_candidates | 38154 | Lava Bolt                  |               |          1 |         0 |       254 |       254 |       254 |               -700 |                  0 |                  0 |                  0 |   817 |    0 |    0 |    0 |         255 |          255 |
| teleport_spell_candidates |   534 | Ring of Lavastorm          | lavastorm     |          6 |        83 |       254 |       254 |       254 |                460 |                460 |                -86 |                454 |     0 |    0 |    0 |    0 |         255 |          255 |
| teleport_spell_candidates |   554 | Circle of Lavastorm        | lavastorm     |          3 |        83 |       254 |       254 |       254 |                460 |                460 |                -86 |                454 |     0 |    0 |    0 |    0 |         255 |          255 |
| teleport_spell_candidates |   610 | Succor: Lavastorm          | lavastorm     |          3 |        88 |       254 |       254 |       254 |                460 |                460 |                -86 |                454 |     0 |    0 |    0 |    0 |         255 |          255 |
| teleport_spell_candidates | 24771 | Zephyr: Lavastorm          | lavastorm     |          5 |       104 |       254 |       254 |       254 |                460 |                460 |                -86 |                454 |     0 |    0 |    0 |    0 |         255 |          255 |
| teleport_spell_candidates |   545 | Nek Gate                   | nektulos      |          6 |        83 |       254 |       254 |       254 |                -57 |               -715 |                 42 |                 35 |     0 |    0 |    0 |    0 |         255 |          255 |
| teleport_spell_candidates |   564 | Nek Portal                 | nektulos      |          3 |        83 |       254 |       254 |       254 |                -57 |               -715 |                 42 |                 35 |     0 |    0 |    0 |    0 |         255 |          255 |
| teleport_spell_candidates |   605 | Evacuate: Nek              | nektulos      |          3 |        88 |       254 |       254 |       254 |                -57 |               -715 |                 42 |                 35 |     0 |    0 |    0 |    0 |         255 |          255 |
| teleport_spell_candidates |  1371 | Translocate: Nek           | nektulos      |          5 |       104 |       254 |       254 |       254 |                -57 |               -715 |                 42 |                 35 |     0 |    0 |    0 |    0 |         255 |          255 |
| teleport_spell_candidates |  3789 | Prayer of the Banished     | nektulos      |          6 |        83 |       254 |       254 |       254 |               1401 |               -924 |                 46 |                115 |     0 |    0 |    0 |    0 |         255 |          255 |
| teleport_spell_candidates | 10378 | Lava Braxi                 | SumMBXm2Fast  |          6 |       113 |       374 |       254 |       254 |                  1 |                100 |                  0 |                  0 |     0 |    0 |    0 |    0 |         255 |          255 |
| teleport_spell_candidates | 10377 | Lava Braxi                 | SumMBXm2Run2  |          6 |       113 |       374 |       254 |       254 |                  1 |                100 |                  0 |                  0 |     0 |    0 |    0 |    0 |         255 |          255 |
+---------------------------+-------+----------------------------+---------------+------------+-----------+-----------+-----------+-----------+--------------------+--------------------+--------------------+--------------------+-------+------+------+------+-------------+--------------+
+------------------------+-----------+---------+-------------+---------------------+---------------------+
| section                | zone      | version | spawn2_rows | min_spawn_expansion | max_spawn_expansion |
+------------------------+-----------+---------+-------------+---------------------+---------------------+
| spawn2_version_summary | lavastorm |       0 |         107 |                   0 |                   8 |
| spawn2_version_summary | lavastorm |       1 |         167 |                   9 |                  -1 |
| spawn2_version_summary | nektulos  |       0 |         448 |                  -1 |                  -1 |
| spawn2_version_summary | nektulos  |       1 |         404 |                  -1 |                  -1 |
+------------------------+-----------+---------+-------------+---------------------+---------------------+
+--------------------+---------------------------------------------------------------------------------------------------------------------------------------------------------------------------------------------------------------------+
| section            | note                                                                                                                                                                                                                |
+--------------------+---------------------------------------------------------------------------------------------------------------------------------------------------------------------------------------------------------------------+
| candidate_followup | Next migration should be old-zone-only and should back up zone, zone_points, doors, and any touched spell rows. Do not apply until port-in coordinates are validated from client testing or a trusted reference DB. |
+--------------------+---------------------------------------------------------------------------------------------------------------------------------------------------------------------------------------------------------------------+
